113.30000,23.10000,113.32000,23.12000
113.32000,23.10000,113.34000,23.12000
113.30000,23.12000,113.32000,23.14000
113.32000,23.12000,113.33000,23.13000
113.33000,23.12000,113.34000,23.13000
113.32000,23.13000,113.33000,23.14000
113.33000,23.13000,113.34000,23.14000
113.32000,23.12000,113.34000,23.14000
113.30000,23.10000,113.34000,23.14000
112.95000,22.55000,113.01875,22.63750
113.01875,22.55000,113.05313,22.59375
113.05313,22.55000,113.08750,22.59375
113.01875,22.59375,113.05313,22.63750
113.05313,22.59375,113.08750,22.63750
113.01875,22.55000,113.08750,22.63750
112.95000,22.63750,113.01875,22.72500
113.01875,22.63750,113.08750,22.72500
112.95000,22.55000,113.08750,22.72500
113.08750,22.55000,113.12188,22.59375
113.12188,22.55000,113.15625,22.59375
113.08750,22.59375,113.12188,22.63750
113.12188,22.59375,113.15625,22.63750
113.08750,22.55000,113.15625,22.63750
113.15625,22.55000,113.19062,22.59375
113.19062,22.55000,113.22500,22.59375
113.15625,22.59375,113.19062,22.63750
113.19062,22.59375,113.22500,22.63750
113.15625,22.55000,113.22500,22.63750
113.08750,22.63750,113.15625,22.72500
113.15625,22.63750,113.22500,22.72500
113.08750,22.55000,113.22500,22.72500
112.95000,22.72500,113.01875,22.81250
113.01875,22.72500,113.08750,22.81250
112.95000,22.81250,113.01875,22.90000
113.01875,22.81250,113.05313,22.85625
113.05313,22.81250,113.08750,22.85625
113.01875,22.85625,113.05313,22.90000
113.05313,22.85625,113.08750,22.90000
113.01875,22.81250,113.08750,22.90000
112.95000,22.72500,113.08750,22.90000
113.08750,22.72500,113.15625,22.81250
113.15625,22.72500,113.22500,22.81250
113.08750,22.81250,113.15625,22.90000
113.15625,22.81250,113.22500,22.90000
113.08750,22.72500,113.22500,22.90000
112.95000,22.55000,113.22500,22.90000
113.22500,22.55000,113.25937,22.59375
113.25937,22.55000,113.29375,22.59375
113.22500,22.59375,113.25937,22.63750
113.25937,22.59375,113.29375,22.63750
113.22500,22.55000,113.29375,22.63750
113.29375,22.55000,113.32812,22.59375
113.32812,22.55000,113.36250,22.59375
113.29375,22.59375,113.32812,22.63750
113.32812,22.59375,113.36250,22.63750
113.29375,22.55000,113.36250,22.63750
113.22500,22.63750,113.25937,22.68125
113.25937,22.63750,113.29375,22.68125
113.22500,22.68125,113.25937,22.72500
113.25937,22.68125,113.29375,22.72500
113.22500,22.63750,113.29375,22.72500
113.29375,22.63750,113.36250,22.72500
113.22500,22.55000,113.36250,22.72500
113.36250,22.55000,113.43125,22.63750
113.43125,22.55000,113.50000,22.63750
113.36250,22.63750,113.43125,22.72500
113.43125,22.63750,113.50000,22.72500
113.36250,22.55000,113.50000,22.72500
113.22500,22.72500,113.25937,22.76875
113.25937,22.72500,113.29375,22.76875
113.22500,22.76875,113.25937,22.81250
113.25937,22.76875,113.29375,22.81250
113.22500,22.72500,113.29375,22.81250
113.29375,22.72500,113.32812,22.76875
113.32812,22.72500,113.36250,22.76875
113.29375,22.76875,113.32812,22.81250
113.32812,22.76875,113.36250,22.81250
113.29375,22.72500,113.36250,22.81250
113.22500,22.81250,113.24219,22.83438
113.24219,22.81250,113.25937,22.83438
113.22500,22.83438,113.24219,22.85625
113.24219,22.83438,113.25937,22.85625
113.22500,22.81250,113.25937,22.85625
113.25937,22.81250,113.29375,22.85625
113.22500,22.85625,113.25937,22.90000
113.25937,22.85625,113.29375,22.90000
113.22500,22.81250,113.29375,22.90000
113.29375,22.81250,113.36250,22.90000
113.22500,22.72500,113.36250,22.90000
113.36250,22.72500,113.43125,22.81250
113.43125,22.72500,113.50000,22.81250
113.36250,22.81250,113.43125,22.90000
113.43125,22.81250,113.50000,22.90000
113.36250,22.72500,113.50000,22.90000
113.22500,22.55000,113.50000,22.90000
112.95000,22.90000,112.98438,22.94375
112.98438,22.90000,113.01875,22.94375
112.95000,22.94375,112.98438,22.98750
112.98438,22.94375,113.01875,22.98750
112.95000,22.90000,113.01875,22.98750
113.01875,22.90000,113.05313,22.94375
113.05313,22.90000,113.08750,22.94375
113.01875,22.94375,113.05313,22.98750
113.05313,22.94375,113.08750,22.98750
113.01875,22.90000,113.08750,22.98750
112.95000,22.98750,113.01875,23.07500
113.01875,22.98750,113.05313,23.03125
113.05313,22.98750,113.08750,23.03125
113.01875,23.03125,113.05313,23.07500
113.05313,23.03125,113.08750,23.07500
113.01875,22.98750,113.08750,23.07500
112.95000,22.90000,113.08750,23.07500
113.08750,22.90000,113.12188,22.94375
113.12188,22.90000,113.15625,22.94375
113.08750,22.94375,113.12188,22.98750
113.12188,22.94375,113.15625,22.98750
113.08750,22.90000,113.15625,22.98750
113.15625,22.90000,113.19062,22.94375
113.19062,22.90000,113.22500,22.94375
113.15625,22.94375,113.19062,22.98750
113.19062,22.94375,113.22500,22.98750
113.15625,22.90000,113.22500,22.98750
113.08750,22.98750,113.10469,23.00937
113.10469,22.98750,113.12188,23.00937
113.08750,23.00937,113.10469,23.03125
113.10469,23.00937,113.12188,23.03125
113.08750,22.98750,113.12188,23.03125
113.12188,22.98750,113.13906,23.00937
113.13906,22.98750,113.15625,23.00937
113.12188,23.00937,113.13906,23.03125
113.13906,23.00937,113.15625,23.03125
113.12188,22.98750,113.15625,23.03125
113.08750,23.03125,113.10469,23.05313
113.10469,23.03125,113.12188,23.05313
113.08750,23.05313,113.10469,23.07500
113.10469,23.05313,113.12188,23.07500
113.08750,23.03125,113.12188,23.07500
113.12188,23.03125,113.13906,23.05313
113.13906,23.03125,113.15625,23.05313
113.12188,23.05313,113.13906,23.07500
113.13906,23.05313,113.15625,23.07500
113.12188,23.03125,113.15625,23.07500
113.08750,22.98750,113.15625,23.07500
113.15625,22.98750,113.19062,23.03125
113.19062,22.98750,113.22500,23.03125
113.15625,23.03125,113.17344,23.05313
113.17344,23.03125,113.19062,23.05313
113.15625,23.05313,113.17344,23.07500
113.17344,23.05313,113.19062,23.07500
113.15625,23.03125,113.19062,23.07500
113.19062,23.03125,113.22500,23.07500
113.15625,22.98750,113.22500,23.07500
113.08750,22.90000,113.22500,23.07500
112.95000,23.07500,113.01875,23.16250
113.01875,23.07500,113.08750,23.16250
112.95000,23.16250,113.01875,23.25000
113.01875,23.16250,113.08750,23.25000
112.95000,23.07500,113.08750,23.25000
113.08750,23.07500,113.12188,23.11875
113.12188,23.07500,113.15625,23.11875
113.08750,23.11875,113.12188,23.16250
113.12188,23.11875,113.15625,23.16250
113.08750,23.07500,113.15625,23.16250
113.15625,23.07500,113.17344,23.09687
113.17344,23.07500,113.19062,23.09687
113.15625,23.09687,113.17344,23.11875
113.17344,23.09687,113.19062,23.11875
113.15625,23.07500,113.19062,23.11875
113.19062,23.07500,113.20781,23.09687
113.20781,23.07500,113.22500,23.09687
113.19062,23.09687,113.20781,23.11875
113.20781,23.09687,113.22500,23.11875
113.19062,23.07500,113.22500,23.11875
113.15625,23.11875,113.19062,23.16250
113.19062,23.11875,113.20781,23.14062
113.20781,23.11875,113.22500,23.14062
113.19062,23.14062,113.20781,23.16250
113.20781,23.14062,113.22500,23.16250
113.19062,23.11875,113.22500,23.16250
113.15625,23.07500,113.22500,23.16250
113.08750,23.16250,113.15625,23.25000
113.15625,23.16250,113.19062,23.20625
113.19062,23.16250,113.22500,23.20625
113.15625,23.20625,113.19062,23.25000
113.19062,23.20625,113.22500,23.25000
113.15625,23.16250,113.22500,23.25000
113.08750,23.07500,113.22500,23.25000
112.95000,22.90000,113.22500,23.25000
113.22500,22.90000,113.25937,22.94375
113.25937,22.90000,113.29375,22.94375
113.22500,22.94375,113.25937,22.98750
113.25937,22.94375,113.29375,22.98750
113.22500,22.90000,113.29375,22.98750
113.29375,22.90000,113.32812,22.94375
113.32812,22.90000,113.34531,22.92188
113.34531,22.90000,113.36250,22.92188
113.32812,22.92188,113.34531,22.94375
113.34531,22.92188,113.36250,22.94375
113.32812,22.90000,113.36250,22.94375
113.29375,22.94375,113.31094,22.96562
113.31094,22.94375,113.32812,22.96562
113.29375,22.96562,113.31094,22.98750
113.31094,22.96562,113.32812,22.98750
113.29375,22.94375,113.32812,22.98750
113.32812,22.94375,113.36250,22.98750
113.29375,22.90000,113.36250,22.98750
113.22500,22.98750,113.25937,23.03125
113.25937,22.98750,113.29375,23.03125
113.22500,23.03125,113.25937,23.07500
113.25937,23.03125,113.27656,23.05313
113.27656,23.03125,113.29375,23.05313
113.25937,23.05313,113.27656,23.07500
113.27656,23.05313,113.29375,23.07500
113.25937,23.03125,113.29375,23.07500
113.22500,22.98750,113.29375,23.07500
113.29375,22.98750,113.31094,23.00937
113.31094,22.98750,113.32812,23.00937
113.29375,23.00937,113.31094,23.03125
113.31094,23.00937,113.31953,23.02031
113.31953,23.00937,113.32812,23.02031
113.31094,23.02031,113.31953,23.03125
113.31953,23.02031,113.32812,23.03125
113.31094,23.00937,113.32812,23.03125
113.29375,22.98750,113.32812,23.03125
113.32812,22.98750,113.34531,23.00937
113.34531,22.98750,113.36250,23.00937
113.32812,23.00937,113.34531,23.03125
113.34531,23.00937,113.36250,23.03125
113.32812,22.98750,113.36250,23.03125
113.29375,23.03125,113.31094,23.05313
113.31094,23.03125,113.32812,23.05313
113.29375,23.05313,113.31094,23.07500
113.31094,23.05313,113.32812,23.07500
113.29375,23.03125,113.32812,23.07500
113.32812,23.03125,113.36250,23.07500
113.29375,22.98750,113.36250,23.07500
113.22500,22.90000,113.36250,23.07500
113.36250,22.90000,113.39687,22.94375
113.39687,22.90000,113.43125,22.94375
113.36250,22.94375,113.37969,22.96562
113.37969,22.94375,113.39687,22.96562
113.36250,22.96562,113.37969,22.98750
113.37969,22.96562,113.39687,22.98750
113.36250,22.94375,113.39687,22.98750
113.39687,22.94375,113.43125,22.98750
113.36250,22.90000,113.43125,22.98750
113.43125,22.90000,113.46563,22.94375
113.46563,22.90000,113.50000,22.94375
113.43125,22.94375,113.46563,22.98750
113.46563,22.94375,113.50000,22.98750
113.43125,22.90000,113.50000,22.98750
113.36250,22.98750,113.39687,23.03125
113.39687,22.98750,113.43125,23.03125
113.36250,23.03125,113.37969,23.05313
113.37969,23.03125,113.39687,23.05313
113.36250,23.05313,113.37969,23.07500
113.37969,23.05313,113.39687,23.07500
113.36250,23.03125,113.39687,23.07500
113.39687,23.03125,113.43125,23.07500
113.36250,22.98750,113.43125,23.07500
113.43125,22.98750,113.50000,23.07500
113.36250,22.90000,113.50000,23.07500
113.22500,23.07500,113.24219,23.09687
113.24219,23.07500,113.25937,23.09687
113.22500,23.09687,113.24219,23.11875
113.24219,23.09687,113.25937,23.11875
113.22500,23.07500,113.25937,23.11875
113.25937,23.07500,113.26797,23.08594
113.26797,23.07500,113.27656,23.08594
113.25937,23.08594,113.26797,23.09687
113.26797,23.08594,113.27656,23.09687
113.25937,23.07500,113.27656,23.09687
113.27656,23.07500,113.29375,23.09687
113.25937,23.09687,113.26797,23.10781
113.26797,23.09687,113.27656,23.10781
113.25937,23.10781,113.26797,23.11875
113.26797,23.10781,113.27656,23.11875
113.25937,23.09687,113.27656,23.11875
113.27656,23.09687,113.29375,23.11875
113.25937,23.07500,113.29375,23.11875
113.22500,23.11875,113.24219,23.14062
113.24219,23.11875,113.25078,23.12969
113.25078,23.11875,113.25937,23.12969
113.24219,23.12969,113.25078,23.14062
113.25078,23.12969,113.25937,23.14062
113.24219,23.11875,113.25937,23.14062
113.22500,23.14062,113.24219,23.16250
113.24219,23.14062,113.25937,23.16250
113.22500,23.11875,113.25937,23.16250
113.25937,23.11875,113.26797,23.12969
113.26797,23.11875,113.27656,23.12969
113.25937,23.12969,113.26797,23.14062
113.26797,23.12969,113.27656,23.14062
113.25937,23.11875,113.27656,23.14062
113.27656,23.11875,113.29375,23.14062
113.25937,23.14062,113.27656,23.16250
113.27656,23.14062,113.29375,23.16250
113.25937,23.11875,113.29375,23.16250
113.22500,23.07500,113.29375,23.16250
113.29375,23.07500,113.31094,23.09687
113.31094,23.07500,113.31953,23.08594
113.31953,23.07500,113.32812,23.08594
113.31094,23.08594,113.31953,23.09687
113.31953,23.08594,113.32812,23.09687
113.31094,23.07500,113.32812,23.09687
113.29375,23.09687,113.31094,23.11875
113.31094,23.09687,113.32812,23.11875
113.29375,23.07500,113.32812,23.11875
113.32812,23.07500,113.34531,23.09687
113.34531,23.07500,113.36250,23.09687
113.32812,23.09687,113.34531,23.11875
113.34531,23.09687,113.36250,23.11875
113.32812,23.07500,113.36250,23.11875
113.29375,23.11875,113.31094,23.14062
113.31094,23.11875,113.31953,23.12969
113.31953,23.11875,113.32812,23.12969
113.31094,23.12969,113.31953,23.14062
113.31953,23.12969,113.32812,23.14062
113.31094,23.11875,113.32812,23.14062
113.29375,23.14062,113.31094,23.16250
113.31094,23.14062,113.32812,23.16250
113.29375,23.11875,113.32812,23.16250
113.32812,23.11875,113.33672,23.12969
113.33672,23.11875,113.34531,23.12969
113.32812,23.12969,113.33672,23.14062
113.33672,23.12969,113.34531,23.14062
113.32812,23.11875,113.34531,23.14062
113.34531,23.11875,113.36250,23.14062
113.32812,23.14062,113.34531,23.16250
113.34531,23.14062,113.36250,23.16250
113.32812,23.11875,113.36250,23.16250
113.29375,23.07500,113.36250,23.16250
113.22500,23.16250,113.24219,23.18438
113.24219,23.16250,113.25937,23.18438
113.22500,23.18438,113.24219,23.20625
113.24219,23.18438,113.25937,23.20625
113.22500,23.16250,113.25937,23.20625
113.25937,23.16250,113.27656,23.18438
113.27656,23.16250,113.29375,23.18438
113.25937,23.18438,113.27656,23.20625
113.27656,23.18438,113.29375,23.20625
113.25937,23.16250,113.29375,23.20625
113.22500,23.20625,113.24219,23.22812
113.24219,23.20625,113.25937,23.22812
113.22500,23.22812,113.24219,23.25000
113.24219,23.22812,113.25937,23.25000
113.22500,23.20625,113.25937,23.25000
113.25937,23.20625,113.27656,23.22812
113.27656,23.20625,113.29375,23.22812
113.25937,23.22812,113.27656,23.25000
113.27656,23.22812,113.28516,23.23906
113.28516,23.22812,113.29375,23.23906
113.27656,23.23906,113.28516,23.25000
113.28516,23.23906,113.29375,23.25000
113.27656,23.22812,113.29375,23.25000
113.25937,23.20625,113.29375,23.25000
113.22500,23.16250,113.29375,23.25000
113.29375,23.16250,113.31094,23.18438
113.31094,23.16250,113.32812,23.18438
113.29375,23.18438,113.31094,23.20625
113.31094,23.18438,113.32812,23.20625
113.29375,23.16250,113.32812,23.20625
113.32812,23.16250,113.34531,23.18438
113.34531,23.16250,113.36250,23.18438
113.32812,23.18438,113.34531,23.20625
113.34531,23.18438,113.36250,23.20625
113.32812,23.16250,113.36250,23.20625
113.29375,23.20625,113.31094,23.22812
113.31094,23.20625,113.32812,23.22812
113.29375,23.22812,113.31094,23.25000
113.31094,23.22812,113.32812,23.25000
113.29375,23.20625,113.32812,23.25000
113.32812,23.20625,113.36250,23.25000
113.29375,23.16250,113.36250,23.25000
113.22500,23.07500,113.36250,23.25000
113.36250,23.07500,113.39687,23.11875
113.39687,23.07500,113.41406,23.09687
113.41406,23.07500,113.43125,23.09687
113.39687,23.09687,113.41406,23.11875
113.41406,23.09687,113.43125,23.11875
113.39687,23.07500,113.43125,23.11875
113.36250,23.11875,113.37969,23.14062
113.37969,23.11875,113.38828,23.12969
113.38828,23.11875,113.39687,23.12969
113.37969,23.12969,113.38828,23.14062
113.38828,23.12969,113.39687,23.14062
113.37969,23.11875,113.39687,23.14062
113.36250,23.14062,113.37969,23.16250
113.37969,23.14062,113.39687,23.16250
113.36250,23.11875,113.39687,23.16250
113.39687,23.11875,113.41406,23.14062
113.41406,23.11875,113.43125,23.14062
113.39687,23.14062,113.41406,23.16250
113.41406,23.14062,113.43125,23.16250
113.39687,23.11875,113.43125,23.16250
113.36250,23.07500,113.43125,23.16250
113.43125,23.07500,113.46563,23.11875
113.46563,23.07500,113.50000,23.11875
113.43125,23.11875,113.46563,23.16250
113.46563,23.11875,113.50000,23.16250
113.43125,23.07500,113.50000,23.16250
113.36250,23.16250,113.37969,23.18438
113.37969,23.16250,113.39687,23.18438
113.36250,23.18438,113.37109,23.19531
113.37109,23.18438,113.37969,23.19531
113.36250,23.19531,113.37109,23.20625
113.37109,23.19531,113.37969,23.20625
113.36250,23.18438,113.37969,23.20625
113.37969,23.18438,113.39687,23.20625
113.36250,23.16250,113.39687,23.20625
113.39687,23.16250,113.43125,23.20625
113.36250,23.20625,113.39687,23.25000
113.39687,23.20625,113.43125,23.25000
113.36250,23.16250,113.43125,23.25000
113.43125,23.16250,113.46563,23.20625
113.46563,23.16250,113.50000,23.20625
113.43125,23.20625,113.46563,23.25000
113.46563,23.20625,113.50000,23.25000
113.43125,23.16250,113.50000,23.25000
113.36250,23.07500,113.50000,23.25000
113.22500,22.90000,113.50000,23.25000
112.95000,22.55000,113.50000,23.25000
113.50000,22.55000,113.63750,22.72500
113.63750,22.55000,113.77500,22.72500
113.50000,22.72500,113.53437,22.76875
113.53437,22.72500,113.56875,22.76875
113.50000,22.76875,113.53437,22.81250
113.53437,22.76875,113.56875,22.81250
113.50000,22.72500,113.56875,22.81250
113.56875,22.72500,113.63750,22.81250
113.50000,22.81250,113.56875,22.90000
113.56875,22.81250,113.63750,22.90000
113.50000,22.72500,113.63750,22.90000
113.63750,22.72500,113.67188,22.76875
113.67188,22.72500,113.70625,22.76875
113.63750,22.76875,113.67188,22.81250
113.67188,22.76875,113.70625,22.81250
113.63750,22.72500,113.70625,22.81250
113.70625,22.72500,113.74063,22.76875
113.74063,22.72500,113.77500,22.76875
113.70625,22.76875,113.74063,22.81250
113.74063,22.76875,113.75781,22.79062
113.75781,22.76875,113.77500,22.79062
113.74063,22.79062,113.75781,22.81250
113.75781,22.79062,113.77500,22.81250
113.74063,22.76875,113.77500,22.81250
113.70625,22.72500,113.77500,22.81250
113.63750,22.81250,113.67188,22.85625
113.67188,22.81250,113.68906,22.83438
113.68906,22.81250,113.70625,22.83438
113.67188,22.83438,113.68906,22.85625
113.68906,22.83438,113.70625,22.85625
113.67188,22.81250,113.70625,22.85625
113.63750,22.85625,113.67188,22.90000
113.67188,22.85625,113.70625,22.90000
113.63750,22.81250,113.70625,22.90000
113.70625,22.81250,113.74063,22.85625
113.74063,22.81250,113.77500,22.85625
113.70625,22.85625,113.74063,22.90000
113.74063,22.85625,113.77500,22.90000
113.70625,22.81250,113.77500,22.90000
113.63750,22.72500,113.77500,22.90000
113.50000,22.55000,113.77500,22.90000
113.77500,22.55000,113.84375,22.63750
113.84375,22.55000,113.86094,22.57187
113.86094,22.55000,113.87812,22.57187
113.84375,22.57187,113.86094,22.59375
113.86094,22.57187,113.86953,22.58281
113.86953,22.57187,113.87812,22.58281
113.86094,22.58281,113.86953,22.59375
113.86953,22.58281,113.87812,22.59375
113.86094,22.57187,113.87812,22.59375
113.84375,22.55000,113.87812,22.59375
113.87812,22.55000,113.89531,22.57187
113.89531,22.55000,113.90391,22.56094
113.90391,22.55000,113.91250,22.56094
113.89531,22.56094,113.90391,22.57187
113.90391,22.56094,113.91250,22.57187
113.89531,22.55000,113.91250,22.57187
113.87812,22.57187,113.89531,22.59375
113.89531,22.57187,113.91250,22.59375
113.87812,22.55000,113.91250,22.59375
113.84375,22.59375,113.85234,22.60469
113.85234,22.59375,113.86094,22.60469
113.84375,22.60469,113.85234,22.61563
113.85234,22.60469,113.86094,22.61563
113.84375,22.59375,113.86094,22.61563
113.86094,22.59375,113.87812,22.61563
113.84375,22.61563,113.86094,22.63750
113.86094,22.61563,113.87812,22.63750
113.84375,22.59375,113.87812,22.63750
113.87812,22.59375,113.91250,22.63750
113.84375,22.55000,113.91250,22.63750
113.77500,22.63750,113.80938,22.68125
113.80938,22.63750,113.82656,22.65938
113.82656,22.63750,113.84375,22.65938
113.80938,22.65938,113.82656,22.68125
113.82656,22.65938,113.84375,22.68125
113.80938,22.63750,113.84375,22.68125
113.77500,22.68125,113.79219,22.70312
113.79219,22.68125,113.80938,22.70312
113.77500,22.70312,113.79219,22.72500
113.79219,22.70312,113.80938,22.72500
113.77500,22.68125,113.80938,22.72500
113.80938,22.68125,113.82656,22.70312
113.82656,22.68125,113.84375,22.70312
113.80938,22.70312,113.82656,22.72500
113.82656,22.70312,113.84375,22.72500
113.80938,22.68125,113.84375,22.72500
113.77500,22.63750,113.84375,22.72500
113.84375,22.63750,113.91250,22.72500
113.77500,22.55000,113.91250,22.72500
113.91250,22.55000,113.94687,22.59375
113.94687,22.55000,113.96406,22.57187
113.96406,22.55000,113.98125,22.57187
113.94687,22.57187,113.96406,22.59375
113.96406,22.57187,113.98125,22.59375
113.94687,22.55000,113.98125,22.59375
113.91250,22.59375,113.94687,22.63750
113.94687,22.59375,113.98125,22.63750
113.91250,22.55000,113.98125,22.63750
113.98125,22.55000,114.01562,22.59375
114.01562,22.55000,114.05000,22.59375
113.98125,22.59375,114.01562,22.63750
114.01562,22.59375,114.03281,22.61563
114.03281,22.59375,114.05000,22.61563
114.01562,22.61563,114.03281,22.63750
114.03281,22.61563,114.04141,22.62656
114.04141,22.61563,114.05000,22.62656
114.03281,22.62656,114.04141,22.63750
114.04141,22.62656,114.05000,22.63750
114.03281,22.61563,114.05000,22.63750
114.01562,22.59375,114.05000,22.63750
113.98125,22.55000,114.05000,22.63750
113.91250,22.63750,113.92969,22.65938
113.92969,22.63750,113.94687,22.65938
113.91250,22.65938,113.92969,22.68125
113.92969,22.65938,113.94687,22.68125
113.91250,22.63750,113.94687,22.68125
113.94687,22.63750,113.98125,22.68125
113.91250,22.68125,113.94687,22.72500
113.94687,22.68125,113.98125,22.72500
113.91250,22.63750,113.98125,22.72500
113.98125,22.63750,113.99844,22.65938
113.99844,22.63750,114.01562,22.65938
113.98125,22.65938,113.99844,22.68125
113.99844,22.65938,114.01562,22.68125
113.98125,22.63750,114.01562,22.68125
114.01562,22.63750,114.02422,22.64844
114.02422,22.63750,114.03281,22.64844
114.01562,22.64844,114.02422,22.65938
114.02422,22.64844,114.03281,22.65938
114.01562,22.63750,114.03281,22.65938
114.03281,22.63750,114.05000,22.65938
114.01562,22.65938,114.03281,22.68125
114.03281,22.65938,114.05000,22.68125
114.01562,22.63750,114.05000,22.68125
113.98125,22.68125,114.01562,22.72500
114.01562,22.68125,114.05000,22.72500
113.98125,22.63750,114.05000,22.72500
113.91250,22.55000,114.05000,22.72500
113.77500,22.72500,113.79219,22.74688
113.79219,22.72500,113.80938,22.74688
113.77500,22.74688,113.79219,22.76875
113.79219,22.74688,113.80938,22.76875
113.77500,22.72500,113.80938,22.76875
113.80938,22.72500,113.82656,22.74688
113.82656,22.72500,113.84375,22.74688
113.80938,22.74688,113.82656,22.76875
113.82656,22.74688,113.84375,22.76875
113.80938,22.72500,113.84375,22.76875
113.77500,22.76875,113.79219,22.79062
113.79219,22.76875,113.80938,22.79062
113.77500,22.79062,113.79219,22.81250
113.79219,22.79062,113.80938,22.81250
113.77500,22.76875,113.80938,22.81250
113.80938,22.76875,113.82656,22.79062
113.82656,22.76875,113.84375,22.79062
113.80938,22.79062,113.82656,22.81250
113.82656,22.79062,113.84375,22.81250
113.80938,22.76875,113.84375,22.81250
113.77500,22.72500,113.84375,22.81250
113.84375,22.72500,113.87812,22.76875
113.87812,22.72500,113.91250,22.76875
113.84375,22.76875,113.87812,22.81250
113.87812,22.76875,113.88672,22.77969
113.88672,22.76875,113.89531,22.77969
113.87812,22.77969,113.88672,22.79062
113.88672,22.77969,113.89531,22.79062
113.87812,22.76875,113.89531,22.79062
113.89531,22.76875,113.91250,22.79062
113.87812,22.79062,113.89531,22.81250
113.89531,22.79062,113.91250,22.81250
113.87812,22.76875,113.91250,22.81250
113.84375,22.72500,113.91250,22.81250
113.77500,22.81250,113.84375,22.90000
113.84375,22.81250,113.91250,22.90000
113.77500,22.72500,113.91250,22.90000
113.91250,22.72500,113.92969,22.74688
113.92969,22.72500,113.94687,22.74688
113.91250,22.74688,113.92969,22.76875
113.92969,22.74688,113.94687,22.76875
113.91250,22.72500,113.94687,22.76875
113.94687,22.72500,113.98125,22.76875
113.91250,22.76875,113.94687,22.81250
113.94687,22.76875,113.98125,22.81250
113.91250,22.72500,113.98125,22.81250
113.98125,22.72500,114.01562,22.76875
114.01562,22.72500,114.05000,22.76875
113.98125,22.76875,114.01562,22.81250
114.01562,22.76875,114.05000,22.81250
113.98125,22.72500,114.05000,22.81250
113.91250,22.81250,113.98125,22.90000
113.98125,22.81250,114.05000,22.90000
113.91250,22.72500,114.05000,22.90000
113.77500,22.55000,114.05000,22.90000
113.50000,22.90000,113.56875,22.98750
113.56875,22.90000,113.63750,22.98750
113.50000,22.98750,113.56875,23.07500
113.56875,22.98750,113.63750,23.07500
113.50000,22.90000,113.63750,23.07500
113.63750,22.90000,113.65469,22.92188
113.65469,22.90000,113.67188,22.92188
113.63750,22.92188,113.65469,22.94375
113.65469,22.92188,113.67188,22.94375
113.63750,22.90000,113.67188,22.94375
113.67188,22.90000,113.70625,22.94375
113.63750,22.94375,113.67188,22.98750
113.67188,22.94375,113.70625,22.98750
113.63750,22.90000,113.70625,22.98750
113.70625,22.90000,113.74063,22.94375
113.74063,22.90000,113.77500,22.94375
113.70625,22.94375,113.74063,22.98750
113.74063,22.94375,113.77500,22.98750
113.70625,22.90000,113.77500,22.98750
113.63750,22.98750,113.70625,23.07500
113.70625,22.98750,113.72344,23.00937
113.72344,22.98750,113.74063,23.00937
113.70625,23.00937,113.72344,23.03125
113.72344,23.00937,113.74063,23.03125
113.70625,22.98750,113.74063,23.03125
113.74063,22.98750,113.75781,23.00937
113.75781,22.98750,113.77500,23.00937
113.74063,23.00937,113.75781,23.03125
113.75781,23.00937,113.77500,23.03125
113.74063,22.98750,113.77500,23.03125
113.70625,23.03125,113.74063,23.07500
113.74063,23.03125,113.77500,23.07500
113.70625,22.98750,113.77500,23.07500
113.63750,22.90000,113.77500,23.07500
113.50000,23.07500,113.53437,23.11875
113.53437,23.07500,113.56875,23.11875
113.50000,23.11875,113.53437,23.16250
113.53437,23.11875,113.56875,23.16250
113.50000,23.07500,113.56875,23.16250
113.56875,23.07500,113.60313,23.11875
113.60313,23.07500,113.63750,23.11875
113.56875,23.11875,113.60313,23.16250
113.60313,23.11875,113.62031,23.14062
113.62031,23.11875,113.63750,23.14062
113.60313,23.14062,113.62031,23.16250
113.62031,23.14062,113.63750,23.16250
113.60313,23.11875,113.63750,23.16250
113.56875,23.07500,113.63750,23.16250
113.50000,23.16250,113.56875,23.25000
113.56875,23.16250,113.63750,23.25000
113.50000,23.07500,113.63750,23.25000
113.63750,23.07500,113.70625,23.16250
113.70625,23.07500,113.77500,23.16250
113.63750,23.16250,113.70625,23.25000
113.70625,23.16250,113.77500,23.25000
113.63750,23.07500,113.77500,23.25000
113.50000,22.90000,113.77500,23.25000
113.77500,22.90000,113.80938,22.94375
113.80938,22.90000,113.84375,22.94375
113.77500,22.94375,113.80938,22.98750
113.80938,22.94375,113.84375,22.98750
113.77500,22.90000,113.84375,22.98750
113.84375,22.90000,113.87812,22.94375
113.87812,22.90000,113.91250,22.94375
113.84375,22.94375,113.87812,22.98750
113.87812,22.94375,113.89531,22.96562
113.89531,22.94375,113.91250,22.96562
113.87812,22.96562,113.89531,22.98750
113.89531,22.96562,113.91250,22.98750
113.87812,22.94375,113.91250,22.98750
113.84375,22.90000,113.91250,22.98750
113.77500,22.98750,113.80938,23.03125
113.80938,22.98750,113.84375,23.03125
113.77500,23.03125,113.79219,23.05313
113.79219,23.03125,113.80938,23.05313
113.77500,23.05313,113.79219,23.07500
113.79219,23.05313,113.80938,23.07500
113.77500,23.03125,113.80938,23.07500
113.80938,23.03125,113.84375,23.07500
113.77500,22.98750,113.84375,23.07500
113.84375,22.98750,113.87812,23.03125
113.87812,22.98750,113.91250,23.03125
113.84375,23.03125,113.87812,23.07500
113.87812,23.03125,113.91250,23.07500
113.84375,22.98750,113.91250,23.07500
113.77500,22.90000,113.91250,23.07500
113.91250,22.90000,113.92969,22.92188
113.92969,22.90000,113.94687,22.92188
113.91250,22.92188,113.92969,22.94375
113.92969,22.92188,113.94687,22.94375
113.91250,22.90000,113.94687,22.94375
113.94687,22.90000,113.98125,22.94375
113.91250,22.94375,113.94687,22.98750
113.94687,22.94375,113.98125,22.98750
113.91250,22.90000,113.98125,22.98750
113.98125,22.90000,113.99844,22.92188
113.99844,22.90000,114.00703,22.91094
114.00703,22.90000,114.01562,22.91094
113.99844,22.91094,114.00703,22.92188
114.00703,22.91094,114.01562,22.92188
113.99844,22.90000,114.01562,22.92188
113.98125,22.92188,113.99844,22.94375
113.99844,22.92188,114.01562,22.94375
113.98125,22.90000,114.01562,22.94375
114.01562,22.90000,114.05000,22.94375
113.98125,22.94375,113.99844,22.96562
113.99844,22.94375,114.01562,22.96562
113.98125,22.96562,113.99844,22.98750
113.99844,22.96562,114.01562,22.98750
113.98125,22.94375,114.01562,22.98750
114.01562,22.94375,114.05000,22.98750
113.98125,22.90000,114.05000,22.98750
113.91250,22.98750,113.94687,23.03125
113.94687,22.98750,113.98125,23.03125
113.91250,23.03125,113.94687,23.07500
113.94687,23.03125,113.98125,23.07500
113.91250,22.98750,113.98125,23.07500
113.98125,22.98750,114.01562,23.03125
114.01562,22.98750,114.05000,23.03125
113.98125,23.03125,114.01562,23.07500
114.01562,23.03125,114.05000,23.07500
113.98125,22.98750,114.05000,23.07500
113.91250,22.90000,114.05000,23.07500
113.77500,23.07500,113.80938,23.11875
113.80938,23.07500,113.84375,23.11875
113.77500,23.11875,113.80938,23.16250
113.80938,23.11875,113.84375,23.16250
113.77500,23.07500,113.84375,23.16250
113.84375,23.07500,113.87812,23.11875
113.87812,23.07500,113.91250,23.11875
113.84375,23.11875,113.87812,23.16250
113.87812,23.11875,113.91250,23.16250
113.84375,23.07500,113.91250,23.16250
113.77500,23.16250,113.84375,23.25000
113.84375,23.16250,113.91250,23.25000
113.77500,23.07500,113.91250,23.25000
113.91250,23.07500,113.94687,23.11875
113.94687,23.07500,113.98125,23.11875
113.91250,23.11875,113.94687,23.16250
113.94687,23.11875,113.98125,23.16250
113.91250,23.07500,113.98125,23.16250
113.98125,23.07500,114.05000,23.16250
113.91250,23.16250,113.98125,23.25000
113.98125,23.16250,114.05000,23.25000
113.91250,23.07500,114.05000,23.25000
113.77500,22.90000,114.05000,23.25000
113.50000,22.55000,114.05000,23.25000
112.95000,23.25000,113.08750,23.42500
113.08750,23.25000,113.15625,23.33750
113.15625,23.25000,113.22500,23.33750
113.08750,23.33750,113.15625,23.42500
113.15625,23.33750,113.19062,23.38125
113.19062,23.33750,113.22500,23.38125
113.15625,23.38125,113.19062,23.42500
113.19062,23.38125,113.20781,23.40313
113.20781,23.38125,113.22500,23.40313
113.19062,23.40313,113.20781,23.42500
113.20781,23.40313,113.22500,23.42500
113.19062,23.38125,113.22500,23.42500
113.15625,23.33750,113.22500,23.42500
113.08750,23.25000,113.22500,23.42500
112.95000,23.42500,113.08750,23.60000
113.08750,23.42500,113.15625,23.51250
113.15625,23.42500,113.19062,23.46875
113.19062,23.42500,113.22500,23.46875
113.15625,23.46875,113.19062,23.51250
113.19062,23.46875,113.22500,23.51250
113.15625,23.42500,113.22500,23.51250
113.08750,23.51250,113.15625,23.60000
113.15625,23.51250,113.22500,23.60000
113.08750,23.42500,113.22500,23.60000
112.95000,23.25000,113.22500,23.60000
113.22500,23.25000,113.25937,23.29375
113.25937,23.25000,113.29375,23.29375
113.22500,23.29375,113.25937,23.33750
113.25937,23.29375,113.29375,23.33750
113.22500,23.25000,113.29375,23.33750
113.29375,23.25000,113.31094,23.27188
113.31094,23.25000,113.32812,23.27188
113.29375,23.27188,113.31094,23.29375
113.31094,23.27188,113.32812,23.29375
113.29375,23.25000,113.32812,23.29375
113.32812,23.25000,113.36250,23.29375
113.29375,23.29375,113.32812,23.33750
113.32812,23.29375,113.36250,23.33750
113.29375,23.25000,113.36250,23.33750
113.22500,23.33750,113.25937,23.38125
113.25937,23.33750,113.29375,23.38125
113.22500,23.38125,113.24219,23.40313
113.24219,23.38125,113.25937,23.40313
113.22500,23.40313,113.24219,23.42500
113.24219,23.40313,113.25937,23.42500
113.22500,23.38125,113.25937,23.42500
113.25937,23.38125,113.29375,23.42500
113.22500,23.33750,113.29375,23.42500
113.29375,23.33750,113.36250,23.42500
113.22500,23.25000,113.36250,23.42500
113.36250,23.25000,113.43125,23.33750
113.43125,23.25000,113.50000,23.33750
113.36250,23.33750,113.43125,23.42500
113.43125,23.33750,113.50000,23.42500
113.36250,23.25000,113.50000,23.42500
113.22500,23.42500,113.29375,23.51250
113.29375,23.42500,113.36250,23.51250
113.22500,23.51250,113.29375,23.60000
113.29375,23.51250,113.36250,23.60000
113.22500,23.42500,113.36250,23.60000
113.36250,23.42500,113.50000,23.60000
113.22500,23.25000,113.50000,23.60000
112.95000,23.60000,113.01875,23.68750
113.01875,23.60000,113.05313,23.64375
113.05313,23.60000,113.08750,23.64375
113.01875,23.64375,113.05313,23.68750
113.05313,23.64375,113.08750,23.68750
113.01875,23.60000,113.08750,23.68750
112.95000,23.68750,112.98438,23.73125
112.98438,23.68750,113.01875,23.73125
112.95000,23.73125,112.98438,23.77500
112.98438,23.73125,113.01875,23.77500
112.95000,23.68750,113.01875,23.77500
113.01875,23.68750,113.03594,23.70938
113.03594,23.68750,113.05313,23.70938
113.01875,23.70938,113.03594,23.73125
113.03594,23.70938,113.05313,23.73125
113.01875,23.68750,113.05313,23.73125
113.05313,23.68750,113.08750,23.73125
113.01875,23.73125,113.05313,23.77500
113.05313,23.73125,113.08750,23.77500
113.01875,23.68750,113.08750,23.77500
112.95000,23.60000,113.08750,23.77500
113.08750,23.60000,113.22500,23.77500
112.95000,23.77500,113.08750,23.95000
113.08750,23.77500,113.22500,23.95000
112.95000,23.60000,113.22500,23.95000
113.22500,23.60000,113.50000,23.95000
112.95000,23.25000,113.50000,23.95000
113.50000,23.25000,113.56875,23.33750
113.56875,23.25000,113.63750,23.33750
113.50000,23.33750,113.56875,23.42500
113.56875,23.33750,113.63750,23.42500
113.50000,23.25000,113.63750,23.42500
113.63750,23.25000,113.77500,23.42500
113.50000,23.42500,113.56875,23.51250
113.56875,23.42500,113.63750,23.51250
113.50000,23.51250,113.56875,23.60000
113.56875,23.51250,113.60313,23.55625
113.60313,23.51250,113.63750,23.55625
113.56875,23.55625,113.60313,23.60000
113.60313,23.55625,113.63750,23.60000
113.56875,23.51250,113.63750,23.60000
113.50000,23.42500,113.63750,23.60000
113.63750,23.42500,113.77500,23.60000
113.50000,23.25000,113.77500,23.60000
113.77500,23.25000,113.80938,23.29375
113.80938,23.25000,113.84375,23.29375
113.77500,23.29375,113.80938,23.33750
113.80938,23.29375,113.84375,23.33750
113.77500,23.25000,113.84375,23.33750
113.84375,23.25000,113.91250,23.33750
113.77500,23.33750,113.84375,23.42500
113.84375,23.33750,113.91250,23.42500
113.77500,23.25000,113.91250,23.42500
113.91250,23.25000,114.05000,23.42500
113.77500,23.42500,113.91250,23.60000
113.91250,23.42500,114.05000,23.60000
113.77500,23.25000,114.05000,23.60000
113.50000,23.60000,113.63750,23.77500
113.63750,23.60000,113.77500,23.77500
113.50000,23.77500,113.63750,23.95000
113.63750,23.77500,113.77500,23.95000
113.50000,23.60000,113.77500,23.95000
113.77500,23.60000,114.05000,23.95000
113.50000,23.25000,114.05000,23.95000
112.95000,22.55000,114.05000,23.95000
